5000
1 0 16276
2 0 19352
2 0 19094
2 0 16399
2 0 19622
1 1 17116
2 0 19089
2 0 15959
2 1 10901
2 0 12525
2 0 11215
2 0 13386
2 1 10957
2 1 14591
2 1 17118
2 0 17455
2 1 14921
2 1 11502
2 1 15994
2 1 10170
2 0 11143
2 0 18332
2 1 12193
2 0 13659
2 0 15366
2 1 15962
2 0 10143
2 0 10723
2 1 18983
2 1 16504
2 1 14189
1 2 18700
2 1 19242
2 0 15931
1 3 10932
2 1 19737
2 1 13666
1 4 18963
1 5 10413
2 3 11768
3 1 0
2 2 12616
2 0 11954
2 0 19838
2 0 12366
2 5 13388
2 2 16258
2 5 12511
2 4 10579
2 3 17014
2 0 17041
2 0 15131
2 3 11199
2 3 11524
2 4 11834
2 3 11650
2 3 17631
1 6 10101
2 3 15105
2 3 16028
3 6 0
2 3 19048
2 2 14412
2 5 14202
2 5 16326
3 4 0
2 2 14295
3 0 0
2 3 14987
2 5 15436
2 5 19314
2 3 18283
2 3 10919
2 3 17380
2 5 15428
2 5 11823
2 5 18848
1 7 11806
2 7 17668
2 5 13078
2 2 13990
1 8 19924
2 8 19226
2 5 10956
2 7 17909
1 9 10468
2 9 13001
1 10 10046
2 5 12102
2 5 15827
3 3 0
2 5 16246
2 10 17606
2 2 16724
2 2 16035
2 8 14144
2 10 15029
2 2 16100
2 2 11437
2 8 10664
2 8 17521
2 8 14498
2 7 17147
2 10 10415
3 2 0
2 7 12870
2 8 13740
2 7 19455
2 10 17627
1 11 11864
2 5 10795
2 8 15236
2 9 10865
2 10 11634
2 5 10240
2 5 14890
2 11 14228
2 7 17658
2 9 14390
2 11 13417
3 7 0
2 8 10403
2 10 10157
2 5 11405
1 12 15837
2 10 12764
2 12 10386
2 11 11639
3 5 0
2 8 16519
2 12 13514
2 11 18956
2 10 12116
2 8 10012
2 8 13432
2 9 12960
2 12 16777
2 9 11515
2 11 17476
2 11 15384
2 12 10078
2 8 15129
2 8 17191
2 8 12995
2 11 18636
2 8 10204
3 10 0
2 8 18106
2 9 16021
2 11 15639
2 12 16653
2 9 18889
2 11 11525
2 12 15994
2 11 17907
2 12 11602
3 11 0
2 9 10315
2 12 11046
2 12 13167
2 9 18191
2 12 16140
2 8 11591
2 12 18540
2 9 17821
2 9 18110
3 9 0
2 8 12488
2 12 10492
1 13 17696
2 8 11946
2 8 16251
2 12 19908
2 13 17773
2 13 17093
2 12 13589
2 13 11295
2 12 15650
2 8 18443
2 8 10780
2 12 15561
2 12 13776
3 8 0
2 12 19066
1 14 11317
1 15 18777
2 15 12842
2 14 13197
2 15 12457
2 12 17062
2 12 15397
2 15 10717
2 15 15718
2 14 19848
2 14 19059
2 14 14351
2 14 14630
2 14 10353
2 15 10027
2 13 10253
2 13 14307
2 15 14845
2 13 14794
3 12 0
2 15 14364
2 13 10326
2 14 13134
2 14 13345
2 13 13412
2 13 19214
2 13 13784
2 14 13509
2 14 18664
2 14 14685
2 15 12245
2 15 10543
2 13 13452
2 13 14883
2 13 12856
2 15 12256
2 15 12049
2 14 16606
2 13 17227
2 13 17359
2 13 16636
2 14 11046
3 13 0
2 14 18828
2 15 18411
2 14 14140
2 15 14887
2 14 12431
2 15 10747
2 14 17709
1 16 10247
2 15 10216
2 16 18347
2 16 14544
2 14 11325
2 15 13137
2 16 10748
2 14 11306
2 15 11889
2 16 10228
2 16 14702
2 15 19027
2 15 10234
2 16 13116
3 14 0
2 15 18019
2 16 18725
2 16 15409
2 15 12462
2 16 11616
2 15 15740
2 16 18325
2 16 12220
2 15 18471
2 16 17019
2 16 18761
2 15 11722
2 16 11292
1 17 17271
2 17 12895
2 16 19099
2 16 14414
3 15 0
1 18 19861
2 16 10019
2 17 10750
1 19 11983
2 19 16575
2 19 12043
2 19 14834
2 16 15453
2 18 15907
2 17 11223
2 18 10802
2 18 10420
2 19 12404
2 18 15580
2 17 10862
2 19 15436
2 16 13486
2 17 10472
2 18 14935
2 16 12158
2 19 15716
2 18 14003
2 16 19026
2 19 10370
2 17 17073
3 18 0
2 17 15503
2 16 15449
2 17 16305
2 19 17811
2 19 16211
2 19 19490
3 16 0
2 17 17186
2 17 13079
2 19 18307
2 19 10956
2 19 15630
2 19 18893
2 17 10826
1 20 16329
2 17 16351
2 20 15869
2 19 17374
2 17 11715
2 20 19709
2 19 17683
2 20 18129
2 20 13691
2 17 11740
2 19 14699
1 21 13593
2 17 15535
2 21 19806
3 20 0
2 17 15289
2 21 18397
2 19 17367
2 19 15390
2 19 19389
3 21 0
2 17 18189
2 17 13753
2 17 15326
3 17 0
2 19 15098
1 22 17443
2 19 19551
2 22 13952
2 22 18436
2 22 10922
2 19 14324
2 22 10809
2 22 17727
2 22 17336
2 22 11405
2 19 12317
2 19 12757
2 22 15675
2 19 16374
2 19 13826
2 19 15374
2 22 16266
2 22 14660
2 19 16724
3 19 0
1 23 10778
2 22 11188
2 22 16660
2 23 13863
2 22 10871
1 24 15838
2 24 13278
2 22 15786
2 22 12855
2 24 11600
2 23 15963
2 22 12700
2 23 17509
2 23 16869
2 22 14920
2 22 11240
2 22 11134
2 24 16453
2 22 12991
2 23 10195
2 22 18642
2 22 13357
2 22 14414
2 23 18829
2 23 10395
2 24 15030
2 23 14647
2 22 10979
2 23 14422
2 22 19378
2 22 13632
3 24 0
1 25 15200
2 22 19068
2 25 16562
2 23 16321
1 26 19821
3 23 0
2 22 14888
2 22 11371
2 26 11357
2 25 17046
2 22 13132
2 26 15627
2 26 12485
2 22 14554
2 25 15336
2 25 16012
2 26 15783
2 22 19761
2 22 10445
3 25 0
2 22 18139
2 22 16788
2 26 19387
3 22 0
2 26 18044
2 26 17699
2 26 11754
2 26 13816
2 26 13145
2 26 12187
2 26 19866
2 26 12248
2 26 17860
2 26 12626
2 26 13627
2 26 13412
2 26 17149
2 26 10573
1 27 16597
2 27 10016
2 26 18568
2 26 18075
2 26 19891
2 27 11696
2 26 10725
2 26 10713
2 26 16110
2 26 10246
2 27 13318
2 26 11330
2 26 17449
2 27 14440
2 27 11949
2 26 16045
1 28 18952
2 27 16967
2 27 18465
2 26 14846
2 27 14645
2 27 14818
3 28 0
3 27 0
2 26 10759
2 26 14551
2 26 10462
2 26 11038
2 26 16380
2 26 14223
1 29 11417
2 29 16980
1 30 10453
2 29 10717
2 30 16639
2 26 13842
3 30 0
1 31 15762
1 32 15839
3 31 0
3 26 0
2 29 15852
2 29 10154
2 32 16735
2 29 17819
2 29 17387
2 32 18294
1 33 17910
1 34 15466
2 34 12772
2 34 19741
2 34 15067
2 34 13666
2 32 19546
1 35 16722
1 36 17733
2 32 16825
2 34 18887
2 34 14168
2 35 13832
1 37 15992
2 34 10368
2 29 17529
2 29 19321
2 37 19019
2 32 19133
2 32 16018
2 33 19615
1 38 12150
2 33 11359
2 32 10536
2 38 12465
2 34 15092
2 34 11551
1 39 17374
2 36 10976
2 33 12877
2 39 14553
2 39 19328
3 36 0
3 32 0
1 40 11982
1 41 10866
2 29 19419
1 42 18794
2 35 14549
2 35 19425
2 33 10414
1 43 15368
2 41 19746
2 39 10846
3 39 0
2 41 14125
2 37 18589
2 38 11405
2 42 17444
2 40 19911
1 44 17162
3 35 0
1 45 19765
3 38 0
2 42 15180
3 43 0
2 34 10907
2 34 13761
2 29 14651
2 41 16012
2 40 10968
2 37 13831
3 37 0
2 33 11694
3 40 0
2 44 14942
1 46 13621
3 44 0
2 33 11666
2 41 14831
2 41 13669
2 29 14591
2 42 19661
2 41 19636
2 42 13115
2 46 11186
3 45 0
2 29 19109
1 47 17878
2 29 18333
1 48 14786
2 48 16529
2 41 19551
3 29 0
2 34 12775
2 33 10981
2 46 11614
2 33 16884
2 33 14954
2 46 18635
2 41 18407
3 46 0
2 47 19861
2 41 14825
2 34 11174
3 41 0
1 49 15735
2 49 11142
2 34 12454
2 47 16233
2 33 17094
1 50 11650
2 50 14338
2 42 14284
2 50 12335
3 42 0
2 33 14522
2 34 18305
2 49 12029
2 47 17462
2 49 17833
2 47 10972
3 34 0
2 48 19959
2 48 17998
2 47 18584
2 50 10000
2 48 11539
2 49 17298
2 50 13156
2 33 16824
2 33 11862
2 33 13214
2 49 15675
2 33 18880
2 48 19032
2 50 10085
2 48 18295
2 33 17450
3 50 0
2 47 12225
2 49 15771
2 33 13133
2 48 19364
2 33 19024
1 51 18501
2 49 17311
2 33 18599
3 49 0
2 48 13287
2 33 14133
2 48 11462
3 33 0
2 47 18297
2 48 14524
2 47 19342
2 47 11616
2 48 18273
1 52 14361
2 52 10205
2 51 14175
2 48 18789
2 52 12943
2 47 14474
2 47 13808
2 48 13416
2 48 11451
2 51 12369
2 48 11174
2 51 14153
2 47 10512
2 52 16720
2 51 13165
2 52 16450
2 52 12796
3 52 0
2 48 19272
2 48 13312
2 51 14956
2 48 13957
2 51 13108
1 53 13505
3 51 0
2 48 12852
2 47 11997
2 48 14454
2 53 12751
2 53 15569
2 53 14500
2 47 17277
3 47 0
2 53 10781
2 48 10161
2 48 11876
2 53 13013
2 53 17872
1 54 19305
2 54 10893
2 54 17394
2 54 13111
2 48 16327
2 53 19168
2 53 14277
2 53 17234
2 53 14175
2 48 17465
3 48 0
2 54 18696
2 53 15472
2 53 14887
2 53 10237
2 54 17987
1 55 10028
2 55 15369
2 53 10040
2 54 18108
2 53 18701
2 55 12924
2 53 17674
2 54 14925
2 54 15516
1 56 10514
2 54 15069
2 54 17209
2 55 12048
2 55 16421
2 54 16013
2 55 13604
2 56 19926
2 55 12162
2 53 16844
2 56 17192
3 54 0
2 55 12555
2 56 15082
2 55 13399
1 57 11262
2 56 18761
2 56 13696
2 56 14279
2 53 15122
2 55 10414
2 55 16918
2 53 19874
2 53 10324
2 56 16086
2 56 16517
2 53 14980
3 56 0
2 57 17172
2 53 12201
2 53 15695
1 58 14757
2 53 12541
2 53 17311
2 53 11942
2 57 11873
1 59 15231
3 53 0
2 58 15771
2 55 14888
2 57 14051
2 55 18023
2 58 17330
2 57 15542
2 55 18079
2 57 17028
2 58 12232
2 57 16847
2 55 19400
1 60 13537
2 58 19542
2 57 11319
2 59 12487
1 61 18643
2 61 12164
2 58 11866
2 57 11258
2 60 17049
2 58 17378
2 58 12084
2 60 15893
2 58 19327
2 58 11630
2 61 12434
3 59 0
2 60 14811
2 58 19113
3 58 0
2 55 15188
2 61 14652
2 57 12665
2 60 12575
2 57 18225
2 57 11696
2 57 10187
2 60 19204
2 60 14786
2 60 15816
2 55 10204
2 55 14286
2 55 16236
3 57 0
2 61 11886
2 55 18914
2 55 14529
2 55 18322
2 60 12073
2 55 13110
2 61 12031
2 60 16669
2 55 19150
2 61 10677
3 55 0
2 60 11740
2 60 11144
2 60 13015
2 60 11186
2 60 10802
2 60 15155
2 60 12358
2 60 12907
2 60 11645
2 60 13529
2 61 10270
2 60 18558
1 62 19810
2 62 16634
2 62 16979
2 60 13575
2 62 12066
2 60 11102
2 62 15738
2 60 13553
2 60 17643
2 60 11979
1 63 13909
2 61 19054
2 61 10638
2 63 10272
2 63 13980
3 63 0
2 61 15451
1 64 14503
2 62 10081
3 60 0
1 65 14469
2 62 12216
2 62 10305
1 66 17825
2 64 19648
2 65 11709
1 67 18764
2 62 18843
2 65 16548
1 68 12538
2 66 11122
2 62 19970
2 66 11390
2 65 15288
2 62 13339
2 67 18459
2 62 12225
1 69 12626
2 65 19833
2 67 17344
2 64 14530
2 68 13849
2 61 17785
2 64 19067
3 61 0
2 65 13495
2 65 15298
2 69 13605
2 69 16173
2 66 11288
2 64 16124
2 65 14903
2 66 15375
2 65 15116
2 65 12205
2 67 10391
3 68 0
2 64 19658
2 66 19594
2 64 15893
2 67 10781
2 67 12640
2 65 15726
3 67 0
2 64 17333
2 69 16502
2 65 15602
2 66 19959
3 66 0
2 65 15206
2 65 10798
2 64 16571
2 62 14235
3 62 0
2 64 18814
2 64 15147
2 69 18659
2 65 13625
2 65 14547
2 65 15796
2 65 18911
2 69 13885
2 64 18893
2 64 13581
2 69 15389
1 70 11024
2 64 17813
2 69 10574
3 64 0
2 69 15768
2 70 18327
2 65 17214
2 70 17023
2 70 16425
2 69 14865
2 69 13041
2 65 14720
2 70 14688
2 70 19261
2 65 13680
2 65 10409
1 71 17577
3 65 0
1 72 19641
2 72 10146
2 70 14621
2 70 17679
2 72 12165
2 70 13224
2 71 10328
2 71 11343
2 72 14722
2 72 10276
2 71 19616
2 72 13712
2 70 13645
2 70 12562
2 72 12472
2 70 12446
1 73 17294
2 71 16510
2 70 17727
2 71 16888
2 70 18717
2 73 11978
2 70 17608
3 73 0
2 71 10675
2 70 14168
1 74 19070
2 70 14259
3 74 0
2 72 13048
3 72 0
2 70 19396
2 71 10134
2 70 13585
2 71 19427
2 69 19517
3 70 0
2 71 11448
2 71 13281
2 71 16342
2 69 19607
2 71 13570
2 69 11551
1 75 15744
2 71 10755
2 69 13150
2 69 15752
2 71 14246
2 71 10748
2 75 17080
2 69 14549
2 75 17923
2 69 11741
1 76 12043
2 75 16724
2 75 17824
2 69 10833
2 75 16513
2 71 10130
3 76 0
2 71 12209
3 71 0
2 75 13621
2 75 13791
2 75 12604
2 75 11593
2 75 13943
2 75 14596
2 75 10786
2 69 14242
2 75 16987
2 69 13279
1 77 16691
2 77 16223
2 69 16849
2 77 11006
2 69 13124
2 69 15738
2 69 13824
3 69 0
2 75 13597
2 75 10331
2 77 12156
2 77 16918
2 75 10885
2 77 17674
2 77 16133
2 77 11714
2 77 13341
1 78 16956
2 77 10336
2 77 14463
1 79 12884
2 78 18847
2 79 10014
2 79 18182
1 80 14799
2 80 11012
2 75 19721
2 79 15933
2 79 11470
2 80 12168
2 78 19644
2 80 17920
3 75 0
2 77 12445
1 81 10365
2 78 17702
2 79 12396
2 77 10984
2 77 13043
2 81 19316
2 78 10164
2 81 12021
2 80 13832
2 81 13996
2 81 13241
2 79 10229
2 79 15452
2 78 17583
2 77 10749
2 80 11076
2 79 18553
2 79 13081
2 81 18198
3 77 0
2 80 19133
2 78 16329
2 80 14787
2 81 12575
2 81 14938
2 80 19163
2 78 10071
2 81 18271
2 80 13861
1 82 18858
2 81 14366
2 80 13155
2 80 19239
3 79 0
2 78 16183
2 78 19154
2 78 10966
2 81 10061
2 82 18026
2 81 14573
2 82 13481
2 82 10029
2 82 17287
3 81 0
2 80 15592
2 80 15473
2 80 18054
2 82 14519
2 78 17643
2 82 12551
2 80 18097
2 82 10591
2 80 12310
2 82 13323
2 82 14814
2 80 10511
3 80 0
2 78 11838
1 83 16500
1 84 18894
2 82 13434
2 82 12064
2 83 17462
2 82 11721
2 83 18510
2 82 13815
2 82 11046
2 78 16626
2 78 11213
2 78 17436
2 82 11169
2 83 13290
2 82 17892
2 82 12475
2 83 19614
2 82 18030
3 82 0
2 84 16426
2 83 14412
2 83 17262
2 83 19797
1 85 18023
2 84 12177
2 83 17514
2 83 19138
2 78 14297
2 83 15872
2 84 16605
2 84 14957
2 84 15449
2 84 14584
2 78 14748
2 83 14864
3 83 0
2 78 18028
2 85 17594
2 85 15481
2 84 10502
2 84 12505
2 85 11915
1 86 17894
2 86 18873
2 85 15898
2 84 16032
1 87 11972
2 84 16344
2 84 12276
2 85 15837
2 87 10619
3 87 0
2 85 16457
3 84 0
1 88 10677
2 88 18131
2 86 15099
2 78 11631
1 89 18606
2 86 10374
2 89 12942
2 88 12165
2 78 15690
2 78 14144
2 89 15382
2 89 15386
2 85 14836
3 78 0
2 89 18762
2 85 13003
1 90 19308
2 89 13154
2 88 18013
2 90 10177
2 86 14861
2 85 12958
2 89 11757
2 86 13788
2 89 13158
2 89 18845
2 89 12659
1 91 14092
1 92 14044
2 90 19382
2 88 12935
2 88 13824
2 92 19485
2 92 14818
2 89 19020
3 92 0
1 93 17254
2 88 15118
2 90 17687
3 91 0
2 88 17085
3 86 0
2 90 16236
2 89 19808
2 90 14617
2 85 12832
2 93 19648
3 89 0
2 88 14035
2 90 12454
2 88 15201
1 94 15609
2 85 17592
2 90 17778
2 85 11208
2 85 11210
2 94 13638
2 93 10823
2 93 16657
2 90 12964
2 90 13763
3 90 0
2 94 18477
1 95 16467
2 95 19232
2 88 19876
2 94 16842
2 95 11316
2 93 16950
2 93 10232
2 94 15051
2 94 12345
2 85 17300
3 95 0
1 96 13648
2 93 15067
3 94 0
1 97 17687
2 93 11789
1 98 19937
2 93 14081
2 88 15024
2 97 12731
3 97 0
2 96 16806
2 88 12978
2 96 16972
3 85 0
2 88 17348
2 98 16696
2 98 19975
2 88 17287
2 96 14998
2 96 17332
2 96 15367
1 99 13380
2 93 11294
2 88 14460
2 96 17480
2 93 11192
2 99 11361
1 100 13278
3 96 0
2 98 17969
2 88 17334
2 88 16268
2 93 14378
2 88 16668
2 99 12543
2 100 11785
2 93 18989
2 88 11436
3 93 0
2 100 19130
2 98 19922
2 100 19762
2 88 14355
2 100 11756
2 100 12471
2 98 10867
2 100 12572
1 101 19464
2 101 17442
3 98 0
2 100 13764
1 102 11094
2 102 17899
2 88 11640
2 99 14213
2 101 11167
2 88 11732
1 103 17025
2 103 13836
2 102 11508
2 101 16162
2 103 15731
3 88 0
2 103 18534
2 99 18326
1 104 14273
2 100 17087
2 103 10321
2 103 12269
1 105 12495
2 101 10450
2 100 19501
2 103 13460
2 103 17564
2 100 14217
2 104 17037
1 106 10571
2 105 10505
2 104 12468
2 99 19765
1 107 18394
2 100 15604
3 99 0
2 102 16849
2 102 10741
2 105 16508
2 101 13438
2 100 13586
2 106 16476
2 105 14012
2 106 15882
1 108 14104
2 105 13100
2 101 10416
3 107 0
2 105 14069
3 108 0
1 109 17257
2 106 16985
2 105 19992
3 103 0
2 102 10111
2 102 18182
3 102 0
2 104 14861
2 100 12607
1 110 19425
2 109 16692
2 100 13006
2 109 14334
3 104 0
2 101 14591
2 100 15433
2 110 18090
2 101 14611
3 100 0
1 111 14605
2 110 12184
2 111 17745
1 112 16758
2 106 14596
2 112 15130
2 110 17519
2 111 10361
2 109 13831
2 101 10732
2 111 16019
2 105 11777
2 112 18330
2 112 17922
2 109 14327
2 105 16591
3 110 0
2 109 13002
1 113 13018
2 111 13676
2 101 16904
3 109 0
2 105 19461
2 105 13785
2 111 10036
2 113 13759
2 112 13800
2 105 15240
1 114 13660
2 106 10936
1 115 14117
2 101 14777
1 116 11127
2 116 18950
3 111 0
2 101 14245
2 115 17451
3 115 0
2 105 12723
2 114 12232
3 113 0
2 116 15504
2 114 19212
3 106 0
2 105 15665
2 116 13541
2 105 12594
2 105 14635
1 117 10209
2 105 18409
3 112 0
2 101 16418
2 105 14441
2 116 17613
2 114 12273
2 116 18806
3 116 0
2 105 12166
2 117 10141
2 101 15119
2 117 15827
1 118 16795
3 101 0
2 114 11332
2 105 10639
2 105 11095
2 114 18992
2 117 11621
2 105 18627
2 117 14498
2 105 19304
2 118 13497
2 117 12713
2 118 19145
2 117 12313
2 118 13363
2 114 19526
2 118 10798
2 118 15336
3 118 0
2 117 18040
2 117 11573
2 114 18248
2 105 15995
2 114 12163
2 105 13239
3 117 0
2 105 19519
2 114 12178
2 114 15149
2 105 17926
2 114 19881
2 105 17039
2 105 12080
2 114 11122
2 105 14537
2 114 13417
3 114 0
2 105 12525
1 119 18308
2 119 11091
2 105 14257
2 105 12327
2 119 19048
2 105 14069
2 105 10638
2 119 15207
2 105 14095
2 105 13527
2 105 19950
3 119 0
2 105 11667
2 105 16091
2 105 16566
2 105 15257
2 105 19790
3 105 0
1 120 15582
2 120 11877
2 120 15524
2 120 18853
2 120 14717
2 120 17827
1 121 12477
2 120 13905
2 121 13188
2 120 11039
2 121 19287
2 121 12326
2 120 16990
2 121 10578
2 121 17632
2 121 15089
2 120 17503
2 121 11304
2 120 16728
1 122 13111
2 122 15237
2 120 15404
2 121 14693
2 122 11284
2 122 17658
2 121 16120
2 122 10668
2 120 14413
2 121 13447
2 120 14698
2 122 13995
2 120 10913
2 120 15618
2 122 18962
2 122 18926
2 122 17148
2 120 10574
2 122 17253
2 121 12693
1 123 10321
2 123 12874
1 124 14637
3 124 0
2 120 15329
2 122 17294
2 122 15281
2 123 16801
3 121 0
2 120 10418
2 120 17848
2 123 10934
2 123 10018
2 123 18715
2 120 13010
2 122 13787
2 123 14777
3 120 0
2 122 13747
2 122 15329
1 125 11718
2 122 19177
2 125 14282
2 122 18553
2 123 18344
2 122 18606
2 125 13693
2 123 14875
2 125 18763
2 125 11365
2 122 14594
2 123 15095
2 122 15498
2 125 17824
2 123 15916
2 125 16144
2 125 17911
1 126 19380
3 125 0
2 123 14975
2 123 15521
1 127 13789
2 126 15554
2 122 16711
2 123 10195
2 127 12191
2 123 14505
2 123 18888
2 123 14568
3 126 0
2 123 17901
3 123 0
2 127 17979
2 127 19436
2 127 13985
2 122 13276
2 122 13788
2 122 13893
1 128 13604
2 127 19596
1 129 14052
2 128 16086
1 130 19984
2 130 14024
2 129 12633
2 129 15677
2 122 15278
2 128 13738
2 122 16160
3 128 0
2 130 14581
2 129 18221
2 122 19003
3 127 0
2 122 13217
2 129 12421
2 130 19824
2 122 16990
2 122 17947
2 129 13324
2 129 10657
3 129 0
1 131 17666
2 122 12422
2 130 12899
2 122 18207
2 131 11118
3 130 0
2 131 10158
2 122 11573
2 122 11404
2 122 14377
2 131 10153
2 122 19702
2 122 10087
2 122 14046
2 131 13447
3 122 0
2 131 12437
2 131 14297
2 131 12544
2 131 19253
2 131 18114
2 131 11618
2 131 16165
2 131 12948
2 131 17292
2 131 11599
2 131 12942
2 131 18138
2 131 14709
2 131 16429
2 131 14189
2 131 16581
2 131 12415
2 131 16218
2 131 15233
2 131 17143
2 131 12091
2 131 14622
2 131 14342
2 131 15969
2 131 15732
2 131 16201
2 131 11444
2 131 19435
2 131 19878
2 131 19896
2 131 18578
2 131 12167
2 131 17574
2 131 11978
2 131 12510
2 131 18973
3 131 0
1 132 18712
2 132 13842
2 132 11686
2 132 19787
2 132 16714
2 132 16553
2 132 17444
2 132 11925
2 132 10526
2 132 18605
2 132 18350
2 132 19382
2 132 13149
1 133 19362
2 132 14167
2 132 13573
2 133 19475
2 132 11931
2 132 19835
2 133 18472
2 132 11034
2 133 17955
2 133 18146
2 133 11131
2 133 11053
2 132 10487
1 134 12519
2 133 11245
2 133 18074
2 132 10819
2 132 11429
1 135 19741
2 134 18877
2 135 15141
2 134 15994
2 132 17095
2 133 11405
2 135 10967
2 133 11368
2 132 10868
2 133 11159
2 133 18454
2 132 17161
3 133 0
2 134 13714
2 134 12479
2 132 18073
2 135 18755
2 132 16043
2 134 10182
1 136 10267
2 132 13062
2 135 13638
2 132 13701
1 137 15894
3 136 0
2 135 10946
2 135 16641
2 137 14669
3 137 0
3 135 0
1 138 15099
2 134 15252
1 139 19300
2 132 14516
2 132 11716
2 138 19374
2 134 12461
3 139 0
2 134 15536
3 138 0
2 132 18346
2 134 19524
2 132 18799
3 132 0
2 134 11104
2 134 10299
2 134 15131
2 134 18883
2 134 13739
2 134 19473
2 134 16920
2 134 12151
2 134 19497
2 134 13193
2 134 19810
2 134 18032
2 134 17923
2 134 16600
2 134 15715
2 134 13860
2 134 15037
2 134 14765
2 134 12727
2 134 17002
2 134 15188
2 134 14001
2 134 12596
2 134 16497
2 134 18209
2 134 18291
2 134 11327
2 134 17259
2 134 17992
2 134 10896
3 134 0
1 140 16595
2 140 19353
2 140 15551
2 140 12224
2 140 15091
1 141 16071
2 141 19448
2 140 11222
2 140 12250
1 142 11962
2 141 16778
2 141 14943
2 141 10703
2 141 12544
2 140 17081
2 140 16900
2 140 13075
2 140 18534
2 142 19452
2 140 16327
1 143 11351
2 143 16994
2 140 16467
2 143 15341
2 141 19878
1 144 15592
2 143 11620
2 142 12250
2 144 16814
2 140 19334
2 140 18419
2 141 14744
2 141 13623
2 144 16411
2 141 12679
2 144 10186
2 143 17666
2 143 13900
2 142 15429
2 143 19508
2 144 11927
2 144 19931
3 143 0
2 141 15972
2 144 16732
2 142 10560
2 141 17068
3 141 0
2 144 13251
2 142 10344
2 142 11210
2 142 17605
2 142 15812
2 144 18378
2 140 12194
2 142 13400
1 145 18025
1 146 12225
2 146 10279
2 144 18597
2 142 16287
3 140 0
2 145 17511
2 146 13352
2 146 13446
2 144 19942
2 146 17654
2 142 19363
1 147 16811
2 146 14021
2 147 19066
2 142 12681
2 144 18314
2 144 18856
2 144 17917
2 144 18011
2 142 10199
2 144 11552
3 142 0
2 147 11115
2 146 15542
1 148 12477
2 144 14486
2 146 12105
2 147 13016
2 144 17427
2 145 13206
2 147 13305
2 147 14351
2 146 18902
2 146 11570
2 146 11107
2 145 17480
3 146 0
2 148 11429
2 145 18509
2 148 17391
2 144 15863
2 147 14343
2 148 12727
2 144 17616
2 147 14739
2 147 11260
2 148 15474
3 148 0
2 145 10610
2 144 14526
2 144 16505
2 145 14327
2 145 12913
3 144 0
2 145 14704
2 147 17646
2 147 13626
2 145 12050
2 147 18739
2 147 17474
2 147 13436
2 147 14534
1 149 15489
2 149 12863
2 145 13923
2 149 15024
2 147 17259
1 150 10261
2 150 17405
2 147 10350
1 151 15757
1 152 14752
2 149 18203
1 153 13781
2 147 14459
2 153 19283
2 147 16652
2 152 11140
2 145 14417
3 151 0
3 149 0
2 147 11128
2 150 19611
2 147 15957
2 147 11410
3 153 0
1 154 12864
2 152 19970
3 145 0
2 147 18436
2 150 14282
2 154 15927
2 150 18691
2 150 14429
2 154 15725
2 147 17576
2 152 16174
2 147 17893
2 152 18378
2 154 14394
3 154 0
2 150 14114
2 150 12112
2 147 11113
2 152 14354
3 152 0
2 147 19614
2 147 10740
2 150 16663
2 147 10833
2 150 16463
1 155 10427
2 147 11638
3 155 0
2 147 14696
2 150 18533
3 150 0
2 147 11287
1 156 18123
2 156 13483
2 147 16413
2 156 14744
2 156 17849
2 156 11774
2 156 15713
2 147 18457
2 156 11462
3 147 0
2 156 10509
2 156 15488
2 156 10354
2 156 18747
2 156 11899
2 156 15241
2 156 15326
1 157 18498
2 156 19951
2 156 18439
2 156 12042
2 156 11289
2 156 18777
2 156 11962
2 157 19312
2 157 18180
2 157 13330
2 156 18575
1 158 15847
1 159 15776
2 156 17203
2 157 15379
2 157 19313
2 157 17184
2 157 14749
2 156 16672
2 157 11215
2 157 13505
1 160 19662
2 160 11485
2 158 14863
2 158 15238
1 161 19769
2 156 16064
2 156 16162
2 156 12357
2 157 10443
2 157 13641
2 160 14615
2 161 16523
3 161 0
3 160 0
2 156 10599
2 159 17527
2 157 17094
3 159 0
3 158 0
2 156 13035
2 157 12651
3 157 0
2 156 13398
2 156 13693
2 156 12755
2 156 15551
2 156 19078
2 156 12417
2 156 16016
2 156 11218
1 162 18795
2 162 13122
1 163 10409
2 163 17321
2 162 10801
2 163 17689
3 156 0
2 162 16168
2 162 11932
2 163 12956
1 164 19762
2 163 17857
2 162 17121
2 162 12944
2 164 16721
2 162 11123
2 163 15699
2 164 14007
2 164 17715
2 164 15327
2 163 15943
2 162 17532
1 165 10455
2 162 14880
2 163 16569
2 165 10506
2 163 10289
2 165 14529
2 162 14805
2 163 17887
2 165 18492
2 162 17318
2 163 19177
2 163 18511
2 163 13489
2 165 16735
2 164 17494
2 162 10273
2 163 10051
2 165 14869
1 166 13920
2 165 19112
3 165 0
2 163 16389
2 164 16568
2 163 18891
2 163 15654
2 166 13909
1 167 11132
3 167 0
2 162 10961
3 162 0
2 163 10842
2 166 12369
2 163 18632
2 166 11508
2 166 15768
2 166 13314
2 163 15397
2 163 18623
2 166 19325
2 166 15819
2 163 19956
2 163 10416
2 163 19229
2 163 19858
3 163 0
2 166 16770
2 166 16309
2 164 10589
2 166 11508
2 164 18431
2 166 19292
2 166 16615
2 166 18406
2 164 11160
2 166 13147
2 164 18867
2 164 15146
2 166 18146
2 166 16942
2 164 14561
2 166 13848
2 166 17653
2 164 15746
2 164 19945
2 166 11175
2 164 13630
2 166 16408
2 164 18129
2 166 17050
3 164 0
2 166 14789
2 166 14597
2 166 19690
2 166 12843
2 166 13141
2 166 19889
2 166 10016
2 166 10582
1 168 12879
2 168 19219
2 166 19003
2 166 19954
2 166 11077
2 168 17466
2 166 12786
2 168 14294
2 168 11719
2 168 18935
2 168 14152
3 168 0
2 166 18173
1 169 14947
1 170 11875
2 166 13337
2 170 16257
1 171 13357
2 170 10239
3 171 0
3 166 0
2 170 16814
2 170 15269
2 170 17478
2 169 14956
2 170 10611
2 170 11116
2 170 18157
2 169 15996
2 169 19612
2 169 18852
2 170 12338
2 169 14532
2 170 14729
2 169 14155
2 169 16850
2 169 11351
2 169 13158
2 170 13451
2 170 15560
2 169 11227
2 170 17009
2 170 10233
2 169 17301
2 170 10769
2 169 12543
2 169 17750
2 169 19585
2 169 19183
2 169 10956
1 172 13880
2 169 14363
2 172 18835
1 173 16251
2 170 14589
2 173 16721
2 173 17058
2 172 15516
2 172 14270
3 169 0
2 173 15548
2 173 19704
2 170 10267
2 172 12776
2 173 10318
2 170 15148
2 173 13166
2 172 16450
2 170 13683
2 173 19383
2 173 13702
2 172 12257
2 172 16270
2 173 10411
2 172 18956
2 170 10434
2 170 12968
2 173 11837
3 170 0
2 172 13378
2 172 14269
2 172 17133
2 173 13980
2 172 14989
2 172 12130
1 174 11508
2 173 10674
2 173 16065
2 173 18258
2 172 18424
2 173 18339
2 173 17596
2 172 19601
2 172 15146
2 174 12305
2 174 10690
2 172 13008
2 172 15453
2 174 11944
2 174 13788
2 174 19833
2 173 12050
3 172 0
2 174 13504
1 175 13878
2 174 11477
2 175 13941
2 175 11444
2 175 18043
2 175 18043
1 176 16596
2 176 19445
2 176 13441
2 173 11105
2 174 12717
2 173 10189
2 175 15063
2 175 10020
2 174 11652
2 175 14079
2 175 19648
2 175 16433
2 173 11608
3 174 0
2 173 13756
2 175 16800
2 175 16446
2 176 13337
2 176 17150
2 173 14124
2 173 11736
3 176 0
2 173 19129
2 173 19959
2 175 19093
2 173 14614
3 173 0
2 175 13459
2 175 11297
2 175 10087
2 175 10897
2 175 15859
2 175 17816
2 175 19805
2 175 12267
2 175 18940
2 175 18161
2 175 19803
1 177 13126
2 175 10931
2 177 14571
1 178 15626
2 177 18918
2 178 17599
2 177 17231
1 179 14430
2 177 13419
2 178 10994
2 179 10088
2 177 14873
2 175 18598
2 178 10669
2 179 11618
2 178 16821
3 177 0
2 179 10011
2 178 19289
2 179 11636
2 178 19434
2 178 17056
2 175 17572
2 178 19699
2 179 14365
3 175 0
2 178 13848
2 178 19551
2 178 17602
2 178 18662
2 178 17234
2 179 18036
2 178 17067
2 178 13403
2 179 14092
2 179 13536
2 178 17228
2 178 13816
2 179 16771
2 179 17402
2 178 18616
2 179 15629
2 179 11516
2 179 19344
2 178 19236
2 179 14074
2 179 19938
2 178 13843
2 179 15024
2 179 14389
3 179 0
2 178 19448
2 178 10847
2 178 10436
2 178 16063
2 178 19133
2 178 17322
2 178 15588
2 178 18221
2 178 14223
2 178 10863
2 178 11784
2 178 12049
2 178 11494
2 178 10822
2 178 18604
2 178 16335
2 178 17236
2 178 16492
2 178 17841
3 178 0
1 180 10799
2 180 16624
2 180 11838
2 180 13766
2 180 19597
2 180 16765
2 180 10459
1 181 15528
2 181 10024
1 182 11725
2 181 19351
2 181 11667
1 183 15836
1 184 12964
2 183 16725
2 180 10046
2 184 16915
2 182 16202
1 185 18662
2 180 11177
2 180 11369
2 185 10627
2 182 16762
2 182 16378
2 181 19601
2 182 19902
2 180 11078
1 186 19913
2 186 17836
2 186 16134
2 186 17489
2 183 11080
2 183 18752
2 180 10967
2 183 17570
2 182 15729
2 182 12355
2 185 16534
2 183 18808
2 183 12399
2 185 18587
3 182 0
1 187 10468
2 186 11803
2 181 18570
2 187 10590
2 186 14883
2 187 12938
2 180 18937
3 187 0
2 184 10258
2 186 19069
2 184 19504
3 186 0
2 180 10306
2 180 18295
2 180 11775
2 185 18995
2 184 14116
1 188 16073
2 184 19684
2 184 17545
3 180 0
2 183 14912
2 183 13363
2 183 12739
2 183 16571
2 184 16337
2 188 13598
2 184 12504
2 185 14527
2 183 16652
2 188 11657
2 184 16211
2 188 15427
2 181 13361
3 185 0
2 181 18856
2 188 12375
2 183 19879
2 184 13567
2 188 15113
1 189 19562
2 188 14564
2 183 19863
2 188 19251
2 188 12432
2 181 17466
3 189 0
2 184 19175
3 184 0
2 181 16063
2 183 14835
2 188 18042
2 181 15575
2 183 13344
2 188 14007
2 183 15540
3 181 0
2 183 16882
2 188 17663
2 188 17271
2 188 13326
2 183 17652
2 183 16159
2 188 12006
2 183 19180
2 188 16496
2 183 17322
1 190 17619
2 190 18984
3 183 0
2 188 19520
2 188 12597
1 191 18868
2 191 13382
2 191 14018
2 188 14181
2 188 19821
2 191 13179
2 191 13731
2 190 14441
1 192 18844
2 191 11347
2 192 15006
2 191 13194
2 188 10394
2 192 14722
2 192 12724
2 190 11323
2 190 19070
2 190 13589
2 190 11361
2 192 13831
2 191 15734
3 191 0
2 188 16901
2 190 18807
2 188 15324
1 193 18188
2 188 11437
2 190 14948
2 190 16224
3 193 0
2 192 17553
3 190 0
2 192 14221
1 194 11147
1 195 12132
2 188 13132
2 194 15172
2 188 14980
2 188 19581
1 196 13031
2 195 16114
2 195 15331
2 188 19671
2 194 16389
3 192 0
2 188 13872
2 188 17132
2 196 10481
2 196 11265
2 195 10429
2 194 10255
2 188 14759
2 195 11579
2 188 18956
3 194 0
2 188 19278
2 188 15206
1 197 19881
2 197 15958
2 188 12115
2 188 12029
3 196 0
3 188 0
2 197 18658
2 195 12200
1 198 15748
2 197 11353
2 197 16049
2 198 15857
2 197 19721
2 195 13650
2 198 11783
1 199 16881
2 199 15524
2 198 11501
2 199 12656
2 197 10266
2 195 12156
2 198 15592
2 198 14096
2 197 16168
2 199 13077
2 195 18960
2 197 11319
2 198 12368
2 198 16044
2 195 10101
2 199 19112
2 195 12911
2 195 10034
2 195 13055
2 199 12764
2 197 14317
2 198 17431
2 197 18175
2 197 10305
2 199 14150
2 198 11007
1 200 12664
3 199 0
1 201 17248
2 195 12149
2 198 18907
2 200 10291
2 195 11726
2 201 18159
2 201 19058
1 202 18409
2 201 13524
2 197 17624
2 197 16844
3 200 0
3 197 0
2 202 15917
2 198 19850
2 201 17103
2 198 19830
2 201 19981
2 202 17873
2 195 14589
2 198 10951
2 198 12239
2 202 16991
3 202 0
2 195 14980
1 203 16360
2 201 19763
2 203 19875
2 195 16748
1 204 13085
3 203 0
2 195 19938
3 195 0
2 201 18952
2 204 14382
2 201 12995
2 204 18553
2 198 15160
2 201 14991
2 201 13365
2 204 14963
2 201 15283
2 201 10593
2 198 18662
1 205 10809
2 204 12731
2 205 19724
2 198 18575
2 204 15281
2 198 19833
3 204 0
2 198 10449
2 201 16489
2 205 19626
2 201 19678
3 201 0
2 205 17560
2 205 16636
2 205 15558
2 198 18002
2 198 14958
1 206 12005
2 198 14928
2 198 18538
2 206 11355
2 205 13194
2 198 15286
2 198 12755
2 198 12471
2 205 16527
1 207 15777
2 198 18428
3 198 0
1 208 11124
2 207 16800
2 207 11987
2 207 17773
2 207 19249
2 208 12465
2 208 16454
2 208 12151
1 209 16629
2 207 17111
2 206 14850
2 205 13082
2 205 14990
2 205 16181
2 208 17650
2 208 17739
2 208 12242
2 205 14762
2 206 15335
2 205 10964
2 209 13616
2 207 13834
2 206 15901
2 207 17292
1 210 10958
2 209 15035
2 205 13250
2 208 11017
2 210 15941
2 206 10277
3 205 0
2 207 12602
1 211 14427
2 208 11889
2 208 17525
2 207 10436
2 210 18416
2 207 12325
2 206 15420
2 208 19708
2 210 13421
2 209 19534
2 210 11125
2 208 14698
2 207 17092
3 206 0
2 207 17512
2 207 14309
2 210 11904
2 209 15021
2 208 16767
2 209 14993
2 211 12572
2 211 14798
3 210 0
2 209 15084
2 207 18652
2 208 15541
2 207 18216
3 209 0
2 208 11365
2 207 18890
2 207 12391
1 212 15252
2 212 16022
2 207 17298
2 212 13894
2 211 16315
3 212 0
1 213 16543
2 208 16518
3 211 0
2 208 12332
2 208 11261
2 208 17730
2 213 14600
2 208 14440
2 208 18862
3 208 0
2 207 15796
2 207 11140
2 213 10394
2 213 16898
2 213 18800
2 207 17763
1 214 19011
2 213 14762
2 214 17489
2 207 18848
2 214 12155
2 207 10393
2 207 10006
2 214 10742
2 214 12818
2 207 14646
2 214 15965
2 213 13704
2 207 14068
3 213 0
2 214 15377
2 214 18931
2 214 16648
2 207 18513
2 214 11263
2 214 10340
2 207 16545
3 214 0
2 207 15756
2 207 12766
2 207 11532
2 207 18483
1 215 16890
2 207 12118
2 207 11393
2 215 14243
2 215 19600
2 215 15059
2 207 14513
3 215 0
2 207 11232
2 207 18190
2 207 16155
2 207 14501
3 207 0
1 216 18095
2 216 15767
1 217 14836
2 217 16182
2 217 10083
1 218 14836
2 216 12048
1 219 19707
2 216 18636
2 218 13164
2 216 10651
2 216 15603
1 220 15604
2 217 19041
2 218 18600
2 218 19718
2 218 18003
2 220 12408
2 216 13050
2 217 14728
2 220 18169
2 217 15068
2 218 18712
2 218 15471
2 219 14990
2 220 11461
1 221 14085
2 218 10118
2 219 17544
2 221 16769
2 218 16641
2 218 18033
1 222 13564
2 219 16879
2 222 19902
2 220 10545
2 221 16348
1 223 17633
2 223 10907
3 219 0
2 221 15138
2 216 16456
2 217 10883
2 220 10800
2 216 12895
2 216 14166
2 220 18574
3 217 0
2 221 19858
2 223 15517
2 216 10853
1 224 10852
2 221 13931
2 218 11562
3 220 0
2 218 15251
2 222 18303
2 224 12560
2 223 15537
2 223 10622
2 221 13996
2 216 17376
2 218 19026
2 223 12058
3 216 0
2 222 14497
2 223 17176
2 222 15139
2 218 14803
1 225 12137
2 225 15773
1 226 18791
2 224 15638
1 227 11220
2 224 14290
2 218 13921
3 218 0
2 222 11294
2 223 15485
2 222 14216
2 223 12785
2 222 15436
2 223 19761
2 225 11902
2 224 17593
2 221 14039
2 222 14827
2 223 12661
2 225 13530
2 221 16255
2 221 14525
3 226 0
2 222 11062
2 227 14561
3 221 0
2 227 11765
2 227 10022
1 228 11539
1 229 10789
2 228 15769
2 222 12522
2 225 10644
2 229 19915
2 224 19143
2 229 12206
2 225 10042
2 229 10550
3 224 0
2 228 10799
2 229 17995
2 229 13423
2 222 17340
2 228 15791
2 222 18161
3 228 0
2 222 12571
2 227 18444
2 227 10426
3 229 0
2 225 11594
2 227 13226
2 227 13832
2 222 12651
2 225 15355
2 225 14651
2 223 12896
2 227 15660
2 227 14403
3 222 0
2 223 19038
2 225 11007
2 227 14955
2 227 15829
2 223 18947
2 227 18885
2 225 14244
2 227 14249
2 225 17949
2 225 16051
2 223 14181
1 230 11853
2 225 17293
2 227 14475
3 225 0
2 230 14512
2 230 18759
2 223 18288
2 227 12191
2 230 12760
2 230 18364
1 231 19892
2 230 18711
2 231 10703
2 227 16830
2 223 18817
3 231 0
1 232 12788
3 227 0
2 230 17946
2 232 14074
2 230 10348
2 232 10721
2 223 12920
2 230 13596
2 230 15525
1 233 12262
2 230 11230
2 223 19250
2 223 10431
2 233 12885
1 234 12443
2 233 16813
2 234 16049
1 235 15303
2 233 17705
1 236 13924
1 237 18642
3 233 0
2 235 13245
2 230 18444
3 232 0
2 230 19930
2 223 13517
3 223 0
1 238 13174
2 230 12680
2 235 18079
1 239 14552
1 240 17443
2 230 17865
2 239 12169
2 234 17731
2 239 11074
2 236 10854
2 230 10296
2 237 16775
1 241 17489
2 236 11956
2 230 11104
2 235 10038
2 236 10567
2 234 12801
2 236 16969
2 230 18350
2 235 16235
2 240 12531
2 239 19392
3 236 0
2 239 10548
2 238 13172
2 237 12704
2 237 18818
2 235 17774
3 230 0
2 235 10608
2 239 13560
2 234 15203
2 234 13516
2 237 14010
2 235 12423
2 239 10297
1 242 17354
1 243 19394
2 234 12154
1 244 15479
2 241 13784
2 241 11537
2 244 13462
2 241 16020
2 244 15011
2 239 14480
2 234 13633
3 237 0
2 242 15871
2 243 18163
2 234 15948
2 242 11498
2 239 19922
2 238 19034
2 242 14495
1 245 17371
2 239 10479
3 241 0
2 242 17224
3 239 0
1 246 15781
2 242 17138
1 247 15146
2 247 11995
1 248 18110
2 245 13774
1 249 16378
3 248 0
2 249 18721
3 238 0
2 234 17576
1 250 15479
2 244 15543
3 235 0
2 245 16408
2 250 15910
2 242 13140
2 242 15118
2 243 14665
2 234 18102
2 244 17178
3 244 0
2 246 16756
2 234 10295
2 249 19523
2 246 13985
1 251 10134
2 234 11919
2 249 12484
3 251 0
3 245 0
2 240 16857
2 247 14841
2 234 13504
3 243 0
2 247 18525
1 252 14882
2 250 14113
2 247 14593
3 250 0
2 249 14650
2 252 12723
2 234 17019
3 240 0
1 253 18827
2 253 13288
3 234 0
2 252 10658
2 247 17435
2 242 13540
2 249 18142
2 252 10983
2 246 14491
2 247 17119
1 254 19568
2 246 17093
2 246 15675
2 242 14268
2 254 19975
1 255 18474
2 249 13825
3 242 0
1 256 11218
1 257 16401
2 256 16498
2 252 15821
2 256 19580
2 257 10549
2 255 15161
2 257 19385
2 249 13272
2 256 19897
3 246 0
2 247 19995
2 247 16374
2 249 17136
1 258 17738
2 247 15413
2 247 11486
3 256 0
2 258 11065
2 255 17922
2 255 15978
2 254 17159
2 249 15614
2 247 11921
2 252 12622
2 247 17103
3 258 0
3 252 0
2 253 11693
2 253 18638
2 249 10640
3 253 0
2 255 11519
1 259 10575
2 257 10082
2 247 12840
2 254 11604
2 259 10361
3 254 0
2 249 11853
2 247 11690
2 257 14975
2 249 10416
2 259 18583
3 259 0
2 257 15311
2 257 10163
2 249 15364
3 249 0
2 257 15784
2 247 18009
2 257 12286
2 255 18513
2 255 17902
2 255 13556
2 247 12414
1 260 12779
2 260 13035
2 260 18525
2 260 15772
1 261 16630
2 255 10622
2 255 16569
3 260 0
2 257 18793
2 257 13772
2 255 17004
2 257 10650
2 261 17227
3 257 0
2 261 19300
2 247 14517
2 255 15493
2 255 14640
2 261 12720
2 261 13633
2 255 12021
2 247 15236
2 255 14654
2 247 10334
3 247 0
2 261 10126
2 255 13716
2 255 19882
2 261 17315
2 255 18503
2 255 19467
2 255 17588
2 255 18426
2 255 17344
2 261 19704
2 255 12064
2 255 12891
2 255 16056
2 255 12142
2 255 17599
2 261 12141
2 261 19325
2 261 19646
2 261 14470
3 255 0
2 261 13438
2 261 10811
2 261 12001
2 261 18880
2 261 19846
2 261 14850
2 261 17950
2 261 16648
1 262 12794
2 262 10341
2 262 12435
2 262 16735
2 262 16899
2 262 13653
2 262 17026
2 261 18851
2 262 14310
2 262 17905
2 261 10126
2 261 19760
1 263 18275
2 263 14953
2 263 15792
2 261 13318
2 261 18388
2 261 16081
2 263 15766
3 263 0
2 262 11383
2 262 10247
2 262 10095
2 262 10781
1 264 10161
2 261 19652
3 262 0
2 264 18372
2 261 11739
2 261 17995
2 264 15853
2 261 16544
2 264 14886
2 264 10773
2 264 11181
2 264 11038
2 264 13505
2 261 13184
2 264 16338
2 264 14697
3 264 0
2 261 16453
1 265 17984
1 266 19892
2 265 14003
2 261 18228
2 261 16356
2 266 14972
2 261 13767
3 265 0
2 266 16174
3 261 0
2 266 14696
2 266 11631
2 266 19689
2 266 16538
2 266 16388
2 266 12596
2 266 17802
2 266 17363
2 266 15853
2 266 14888
2 266 19055
2 266 11730
2 266 17622
2 266 16412
2 266 19802
2 266 17722
2 266 19937
2 266 13065
2 266 14105
2 266 13860
2 266 16512
2 266 13456
1 267 14294
2 266 17205
2 267 14952
2 267 16604
2 267 18671
2 267 16331
2 266 17284
2 267 10217
2 266 12541
2 267 11411
2 266 13371
2 266 15248
2 266 11823
2 267 14155
2 266 18315
2 267 18652
1 268 10107
1 269 16582
3 268 0
3 266 0
2 269 15815
2 269 16742
2 267 19036
2 267 16366
2 269 10474
2 269 18401
2 267 15511
2 269 15640
2 269 11296
2 267 16309
2 269 18739
1 270 10799
2 267 14120
2 267 13026
2 267 13914
2 270 10543
2 270 18886
2 269 16257
2 269 11853
2 269 14497
2 270 18826
2 269 15127
2 269 15467
2 270 19983
2 269 11053
2 267 13232
1 271 17469
2 271 10797
2 270 11330
2 269 15814
1 272 11694
3 267 0
2 272 13044
2 269 18373
2 269 11000
2 270 14642
1 273 18962
2 272 13444
2 273 14409
2 271 11071
2 271 15473
2 270 19530
2 272 14179
2 272 11137
2 270 10595
2 270 12977
2 269 15177
2 272 13130
2 271 16604
2 269 14225
3 269 0
2 273 13176
2 272 14620
1 274 13630
2 270 13544
2 273 18898
2 272 18261
2 272 17005
2 270 17060
2 272 15314
2 274 14169
1 275 18120
2 270 11246
2 274 15112
2 274 19386
2 272 19459
1 276 18671
2 272 11097
1 277 18304
3 273 0
1 278 11163
2 277 14511
2 276 13785
2 278 14421
2 270 10531
2 272 15824
3 276 0
2 274 18208
3 278 0
2 277 18489
2 272 11138
3 270 0
2 271 17379
2 275 13631
2 271 10590
1 279 11595
2 275 18609
2 277 10474
2 274 12938
2 272 19119
2 279 14050
2 277 14236
2 279 15766
2 275 15959
2 279 17021
2 277 11471
3 279 0
2 277 18878
2 271 16250
3 274 0
2 271 10611
2 272 10641
2 271 10465
2 271 14803
2 272 11180
2 272 17672
2 272 16036
2 272 10708
3 272 0
2 275 19989
2 277 17865
2 271 18648
2 275 11825
2 277 16145
2 271 16212
2 275 10866
2 271 17319
2 275 11842
2 277 15689
2 275 14860
2 271 11222
2 271 16770
2 271 10595
1 280 15536
2 277 15788
2 271 10790
1 281 12479
2 275 15263
3 271 0
1 282 18839
2 275 13408
2 277 19637
2 277 18876
2 277 10649
2 277 11668
2 277 15289
2 281 14850
2 282 15023
2 280 10001
2 282 12255
2 281 13565
1 283 17231
2 280 18965
2 277 10704
2 281 11532
2 282 16718
3 281 0
2 283 14136
2 283 13912
2 275 18420
2 283 12483
2 277 10273
3 283 0
2 275 13620
2 275 19477
2 275 18054
2 277 14020
3 280 0
2 277 15871
2 275 14671
3 277 0
2 275 14180
2 282 16638
2 282 10659
2 282 16258
1 284 12772
2 275 12195
1 285 13295
2 282 19116
2 282 17668
2 285 15514
2 282 17398
2 284 12131
2 284 17876
1 286 16137
2 275 13380
2 282 11190
2 285 11590
2 286 18924
1 287 19973
2 286 13722
3 282 0
2 284 14359
2 285 14282
2 286 16531
2 286 13400
1 288 17672
2 286 18742
2 285 11037
2 284 14285
2 288 14578
2 286 19518
2 284 12988
2 284 19007
3 287 0
3 286 0
2 284 15467
2 275 11923
2 275 13411
2 275 18995
2 288 15896
2 288 14051
2 284 17376
2 285 17813
2 285 19761
3 288 0
2 285 16159
2 275 14141
2 284 17016
3 285 0
2 275 11037
1 289 12430
1 290 18721
2 275 10914
2 284 16318
1 291 18968
2 290 16199
2 284 15729
3 290 0
2 291 19380
2 284 19715
3 284 0
2 291 16375
2 291 20000
2 275 13136
2 291 17673
2 289 12976
2 275 16229
2 275 19789
1 292 11920
2 289 14154
2 289 18631
2 291 14260
2 291 16849
3 289 0
2 291 14103
2 292 18675
1 293 14084
3 292 0
2 275 16228
2 275 17815
2 275 13155
3 293 0
3 291 0
2 275 14300
2 275 15352
2 275 13466
2 275 15436
2 275 10698
2 275 14871
2 275 10983
2 275 18821
2 275 12659
2 275 15983
3 275 0
1 294 11388
2 294 19708
2 294 13427
2 294 11677
2 294 17237
1 295 19182
1 296 15967
2 294 19334
2 295 17675
2 294 11226
2 296 13855
2 296 18332
2 294 15628
2 295 17504
2 296 10424
1 297 19436
2 297 11801
1 298 13809
2 295 11942
2 298 16013
2 294 11643
2 295 17015
2 294 19514
2 295 11295
2 298 10028
2 294 10095
2 297 17305
2 297 18104
2 297 18767
2 295 17388
2 294 17378
2 294 18093
2 294 11682
2 294 15186
2 294 19808
2 298 18954
2 297 17059
2 297 11343
2 297 17827
3 297 0
2 294 17734
2 294 16655
2 294 18869
1 299 14795
2 294 10533
2 296 15612
2 294 16196
2 294 10828
2 298 14554
3 294 0
2 296 13217
2 299 13456
2 298 16309
2 295 15033
2 295 16400
1 300 14773
2 296 15244
2 298 15167
2 300 12998
2 295 13858
2 295 19327
1 301 15166
2 298 13790
1 302 11179
2 298 12195
2 300 13460
2 299 16992
2 299 17991
2 300 12154
2 300 18836
2 298 19011
2 298 17605
3 296 0
2 295 15451
2 302 10776
2 301 17788
2 298 12864
1 303 15543
1 304 18312
2 302 14194
3 298 0
2 300 15003
2 302 16143
2 300 18335
1 305 12556
2 300 13459
2 295 10244
2 305 17465
2 303 10461
2 305 12233
2 302 19457
2 301 14261
1 306 13380
2 295 10904
2 303 11845
2 302 14554
2 300 19920
3 295 0
2 303 15685
2 301 13004
2 305 13933
2 305 18324
2 306 11475
2 300 12226
2 301 17096
2 303 13371
2 304 14460
2 300 19102
2 300 11551
2 306 13793
2 303 19807
3 301 0
2 300 18325
2 306 19868
3 299 0
1 307 16159
2 300 11430
2 302 16412
2 300 17831
2 304 15904
3 305 0
2 302 10447
2 307 14514
2 302 19059
2 307 15814
1 308 16203
1 309 19761
2 303 14401
3 300 0
2 302 19930
2 307 19672
2 307 16377
2 302 15607
2 307 11746
2 306 18011
2 307 14250
1 310 15210
2 309 17765
2 307 18654
2 308 13402
2 308 17639
2 308 17969
2 303 10156
3 308 0
1 311 12959
2 310 18802
2 303 14772
3 306 0
2 304 12938
2 307 19428
2 303 10102
2 309 15087
2 303 15887
2 304 10039
2 311 13443
3 309 0
2 310 16547
3 311 0
2 303 11132
2 310 17456
3 303 0
2 307 13831
2 304 18363
2 307 15490
2 302 10121
2 302 16290
2 304 16671
2 304 12268
2 302 13957
2 302 15159
1 312 19527
3 302 0
2 310 15865
2 312 13604
2 307 16371
2 312 11245
2 304 16273
2 312 12112
2 310 18733
2 304 15953
2 312 19113
2 304 18342
2 312 14450
2 304 10572
2 312 10068
2 312 10250
2 312 11580
2 304 15941
3 304 0
2 312 16016
2 312 16209
2 312 10708
2 310 16177
2 312 19018
2 310 19239
2 307 13184
2 310 19072
2 310 10220
2 310 14297
2 307 13830
2 307 17501
3 312 0
2 307 12953
2 307 12555
2 310 15772
2 307 15818
2 307 14751
2 307 12991
2 310 14928
1 313 16720
2 310 12225
2 307 19069
2 310 15779
2 307 16103
2 310 11232
2 307 12639
3 310 0
2 313 13069
2 307 14267
2 313 17285
2 307 12760
2 313 11078
2 313 13223
2 313 11599
2 313 10887
2 307 19594
2 307 11370
2 307 12817
2 307 16224
1 314 12216
2 307 10447
2 313 10637
2 314 18462
2 314 14977
1 315 15527
2 315 11113
3 307 0
2 314 18653
2 314 10184
2 314 10572
1 316 19490
2 316 16428
2 314 11960
2 316 16030
2 313 15638
2 315 11721
2 314 15524
1 317 16652
1 318 17246
2 315 16900
2 316 16363
1 319 15347
2 316 10125
2 314 12469
2 319 10151
2 316 16280
2 315 11926
2 319 11725
2 319 12107
2 315 10149
2 314 12176
1 320 14475
2 315 17665
1 321 11226
1 322 17863
2 321 15463
2 314 16604
2 322 15878
2 319 12254
2 315 12483
3 319 0
2 314 11114
2 320 15731
3 314 0
2 317 14154
2 322 10894
2 315 15328
2 313 14397
2 315 16603
2 313 18757
2 318 18246
2 322 14314
2 320 13602
2 315 19873
3 316 0
2 313 16960
2 320 13205
2 321 13541
1 323 19133
2 313 10576
2 315 12296
2 317 16927
2 321 11168
2 321 12990
3 323 0
3 318 0
1 324 11716
2 322 15924
3 321 0
2 322 13017
2 317 17204
2 322 19842
2 320 11722
3 322 0
2 324 15692
2 315 12619
2 317 11639
2 315 17496
2 317 12298
2 324 17437
2 315 12801
2 317 15382
3 315 0
2 313 11203
2 313 17381
2 320 13544
2 324 13478
1 325 10510
2 317 13417
2 313 13676
2 313 14624
2 325 16799
2 324 13370
2 324 12885
2 325 16164
2 325 19878
2 324 11745
2 313 19300
2 320 17081
2 313 16551
3 320 0
2 324 15136
2 325 19785
2 325 12083
2 325 10834
2 313 13006
2 325 19920
3 325 0
2 324 11643
2 324 11225
1 326 12687
2 317 17882
2 326 14094
1 327 12167
2 327 10406
3 317 0
2 324 11309
2 313 15116
2 326 12109
2 313 13360
2 327 10812
2 313 12177
2 326 11971
2 326 18296
2 324 14192
2 313 18456
2 327 13659
2 326 13269
3 313 0
2 326 17706
2 326 11573
2 324 17667
2 324 14799
2 327 12233
1 328 18697
2 324 11048
2 326 10208
2 326 11143
2 324 18165
2 326 17038
2 328 14790
2 324 11684
2 328 17406
2 328 12999
2 326 14632
2 326 18725
2 327 13163
2 326 12647
1 329 19154
2 329 15717
2 324 17093
2 328 10747
2 328 19630
3 328 0
2 327 17674
2 324 18237
2 324 18689
2 324 19034
3 324 0
2 326 12427
2 326 17063
1 330 15037
2 329 15809
2 327 14425
2 327 12221
2 327 18089
2 327 17024
1 331 17624
2 326 19076
2 329 13005
2 326 17858
2 329 18786
2 326 17521
2 326 16617
2 327 19022
1 332 11677
2 326 14729
3 327 0
2 331 11301
2 331 17890
2 326 19190
2 331 12080
2 326 17682
2 326 10152
2 332 10824
2 331 14522
2 331 15150
2 329 14754
2 330 15075
2 331 17208
3 330 0
2 331 13149
2 332 19670
2 326 14883
3 329 0
2 326 14045
2 331 18081
2 332 18862
2 331 16352
3 332 0
1 333 13738
2 331 11698
2 333 11202
2 331 13316
1 334 14006
3 334 0
2 326 14011
2 326 14422
1 335 18305
2 326 19986
3 326 0
2 335 11138
2 333 17040
2 331 14813
2 335 17631
1 336 15456
2 336 18796
2 331 19876
2 336 11386
1 337 18085
2 331 10082
2 337 15501
2 335 15873
2 331 15567
2 333 10603
2 335 13564
2 336 12577
2 336 16233
2 337 15630
2 333 15005
2 336 19056
2 336 12995
2 337 13277
2 333 15460
2 336 11654
2 337 15226
2 335 12495
3 336 0
2 335 16109
2 333 16451
2 337 15721
2 335 12709
2 337 18689
2 333 17124
2 337 12915
2 337 15238
2 335 17408
2 333 14220
3 337 0
1 338 17220
2 335 10733
2 331 19413
2 335 16030
2 335 19033
2 338 15095
2 338 17920
2 331 18678
3 338 0
2 335 15089
3 331 0
2 333 17436
2 335 13083
2 335 10872
2 335 17056
2 333 18323
2 333 10829
2 333 11001
2 333 15370
2 335 16154
2 335 17455
2 333 10783
2 335 17383
2 335 11363
2 335 14907
2 335 11861
2 335 16541
2 335 18891
2 333 17238
2 333 16257
2 335 18097
2 333 13796
2 335 12481
2 335 11282
2 335 16667
2 335 18317
3 333 0
2 335 13924
2 335 18574
2 335 18046
1 339 11540
2 335 13234
2 335 17757
2 335 19768
2 339 19324
2 335 12122
2 335 13007
2 339 17414
3 339 0
2 335 19098
2 335 17471
3 335 0
1 340 10216
2 340 13249
1 341 19561
2 340 12801
2 340 14058
2 340 12127
2 341 10628
2 341 19275
2 340 13501
1 342 14745
2 341 18670
2 342 12614
2 340 13463
2 341 14052
1 343 17675
2 340 14115
2 341 19274
2 340 14566
2 343 17714
1 344 13452
2 340 15699
1 345 13254
2 345 15027
2 341 18717
2 342 13251
2 345 11875
2 342 10122
2 343 16635
2 340 10634
2 341 12169
2 345 10993
2 342 13164
2 342 12438
1 346 11478
2 346 13382
2 344 16813
2 343 17471
2 340 16988
2 343 13827
2 344 17402
1 347 15607
2 347 10395
2 342 16553
2 345 18877
3 340 0
2 343 19527
2 344 12805
2 342 15907
2 343 17490
2 347 18974
2 341 19154
2 345 16260
2 347 11766
3 341 0
2 344 19987
2 345 15255
2 347 10039
2 345 11841
2 345 15651
2 342 10653
1 348 19305
2 343 16148
2 345 14250
2 345 10966
3 347 0
2 344 19068
2 342 18645
2 345 12281
2 342 10491
2 346 12815
1 349 10015
3 342 0
2 348 18051
2 344 15882
2 346 15755
2 344 14173
2 345 18336
1 350 19033
2 344 15128
2 346 12368
2 344 13695
2 345 18401
2 346 10177
3 346 0
1 351 16781
2 350 11986
2 348 18673
3 349 0
2 344 15220
3 345 0
2 343 14839
2 348 19523
2 348 18340
2 348 10073
2 344 18761
2 344 14799
1 352 13454
2 343 12078
2 344 18510
2 343 17797
2 352 10398
2 352 11525
2 348 16351
1 353 11893
2 344 13475
2 348 19288
2 352 18136
2 348 14062
3 344 0
2 348 16772
2 353 18762
1 354 13533
2 351 19552
2 351 11566
2 351 10072
2 351 15433
2 351 19405
2 354 18713
2 348 11524
3 350 0
2 351 17505
2 343 14459
3 354 0
2 348 19678
2 348 12649
2 351 12274
3 353 0
2 351 13173
2 348 11809
2 348 18844
2 343 18060
2 351 17857
3 348 0
2 352 17433
2 351 16578
2 343 14753
2 343 10465
2 351 14393
2 352 14779
1 355 18802
2 352 12416
2 351 17269
2 343 13844
2 343 13500
2 351 13405
2 352 16026
2 352 10496
3 351 0
2 352 18815
2 355 15900
2 355 14523
2 343 16410
1 356 16258
2 343 19404
2 355 13902
2 343 19370
2 356 13401
2 356 12150
2 343 17006
1 357 18925
3 356 0
2 357 17181
2 352 17583
2 343 17480
1 358 15339
3 343 0
2 355 14290
2 355 11779
2 355 19214
2 352 14550
1 359 16659
2 352 19300
2 359 13951
2 358 17594
2 355 19544
2 359 19310
2 359 11785
2 358 19055
2 359 19712
1 360 18066
2 355 11670
2 352 17179
2 359 16310
2 357 13367
2 355 10322
2 357 16497
2 359 13676
3 352 0
2 357 15962
1 361 14764
2 357 14600
2 357 14619
2 358 14434
1 362 16515
2 359 18323
2 358 14141
1 363 13196
2 361 11477
2 355 16377
2 358 17664
1 364 15293
2 364 16919
3 357 0
2 358 13617
2 364 11993
2 359 15651
2 364 16852
2 363 12144
2 360 16312
2 359 13024
3 363 0
2 362 19555
2 359 17332
2 355 14550
3 360 0
2 362 13673
3 361 0
2 355 17523
2 359 10907
3 362 0
2 355 11143
2 355 16560
1 365 15075
2 364 19401
2 355 14437
3 358 0
2 364 13310
2 364 19145
2 364 13562
2 365 16826
2 355 17827
1 366 13750
3 364 0
2 355 18279
2 359 18107
2 359 18064
2 366 13978
2 355 12518
2 359 14441
2 355 19358
3 365 0
2 366 16662
1 367 18509
2 367 13508
3 367 0
2 355 15799
2 359 17421
3 355 0
2 366 14530
2 366 12814
2 366 11042
2 366 16486
2 366 10526
2 359 11130
2 359 11993
2 359 17534
2 366 12651
2 366 14642
2 366 15761
2 366 13531
2 366 16261
2 359 13313
1 368 13077
2 366 18214
2 368 13395
2 366 12884
2 366 15570
2 366 12476
2 368 10871
2 359 16851
3 366 0
2 368 14886
2 368 18144
2 368 19408
2 359 12152
2 359 17649
2 359 18664
2 359 14690
2 368 15007
2 359 13898
2 359 16344
2 359 19978
2 368 12886
2 359 14090
2 359 14850
2 368 16081
3 368 0
2 359 12913
2 359 16147
2 359 19706
2 359 19784
1 369 18288
2 359 17199
2 369 11344
2 369 13669
2 369 14561
3 369 0
2 359 19215
2 359 12604
2 359 10497
2 359 14074
2 359 14130
3 359 0
1 370 12694
2 370 12999
2 370 13868
2 370 14005
2 370 18463
2 370 14308
2 370 10655
2 370 19597
2 370 15168
2 370 12970
1 371 15109
2 371 17610
2 370 11885
2 371 10515
2 370 13220
2 370 19424
2 371 16258
2 371 11274
2 370 13571
2 370 10187
2 370 11108
2 370 17521
2 371 16131
2 370 11245
2 371 10076
1 372 13537
2 372 14787
2 371 16039
2 371 11367
1 373 19778
2 372 14154
2 373 19312
2 371 12703
2 370 12994
2 371 18716
2 371 12709
2 372 11944
2 371 15914
2 371 14272
2 372 13147
1 374 15869
2 370 19393
3 372 0
2 374 16492
2 370 15886
2 371 17177
2 371 16735
2 370 12477
3 371 0
2 373 13018
2 373 15164
2 370 15541
2 374 17814
2 374 18752
2 373 18748
2 370 19793
2 370 14030
2 373 11421
2 373 10821
2 370 18662
2 370 11711
2 370 11198
2 373 15750
2 370 11967
2 370 13800
3 370 0
2 374 14079
2 374 15014
2 374 19985
2 373 12358
2 374 14430
2 373 15866
2 374 18423
2 374 12391
2 373 11533
2 373 10747
2 373 17550
2 373 10439
2 374 17469
2 374 14509
2 374 17064
2 373 12057
2 374 15448
2 374 16413
2 373 14740
2 374 12405
2 373 13738
2 373 15489
2 374 14812
2 373 10012
2 374 16733
2 374 18263
1 375 17575
2 374 16767
3 375 0
1 376 14299
2 373 15287
3 373 0
2 374 13883
2 374 17600
2 374 12758
1 377 14376
2 374 16041
2 376 13460
2 377 14757
2 376 19532
1 378 14539
2 377 11593
1 379 13222
2 374 15610
1 380 15486
2 377 16614
2 380 13486
2 379 14846
2 376 15913
2 376 17222
2 380 19752
2 380 12416
3 377 0
2 380 13340
2 374 16571
3 374 0
2 376 19796
2 380 14165
2 376 17835
2 376 16583
2 378 10768
2 378 18653
2 379 11702
2 380 13105
2 378 16420
1 381 19068
2 379 16528
2 381 15149
2 380 15445
1 382 10961
2 380 16977
2 382 16616
2 378 16430
2 376 13275
2 378 18876
1 383 11944
2 382 11964
2 381 15990
2 379 16128
2 381 16182
2 378 12816
2 381 16229
2 383 11326
1 384 16808
2 376 11594
2 380 13463
3 378 0
1 385 13910
2 380 19451
2 384 16480
2 380 15019
2 379 11423
3 381 0
2 376 18253
2 385 18158
2 376 14103
1 386 10427
2 385 11987
3 383 0
2 385 13889
2 382 15404
2 384 15939
3 382 0
2 380 11149
2 376 12174
2 379 14711
2 379 13075
3 384 0
1 387 19844
2 387 18252
3 387 0
2 376 11169
1 388 13794
2 388 16113
2 376 10041
2 388 11725
3 386 0
3 385 0
2 380 17822
2 380 10780
2 376 12419
3 388 0
1 389 17067
2 376 18657
3 379 0
2 376 14192
2 389 11222
2 389 15706
2 376 18689
2 389 12249
2 389 12220
2 380 12358
1 390 10491
3 376 0
2 390 14861
2 389 11940
2 390 12685
2 380 15697
2 380 15912
2 389 17274
2 389 12456
2 390 18860
1 391 19847
2 391 13949
2 380 14887
2 390 11375
2 391 15605
2 389 19676
2 380 14043
2 390 16409
2 390 14783
2 380 12161
2 391 19408
3 391 0
2 389 12967
2 390 13024
2 380 10198
2 390 19037
2 389 11694
3 380 0
2 389 16372
2 390 14465
2 390 14233
2 389 14317
2 390 14131
2 390 11159
2 390 15875
2 390 10794
2 389 15134
2 389 10252
2 389 19153
1 392 16082
2 390 15015
2 390 18712
2 392 14370
2 389 12871
2 389 16859
2 392 18537
2 392 15041
2 389 14706
2 392 13503
2 389 12344
3 389 0
2 392 13465
2 390 16899
2 390 10571
2 390 11061
2 392 15755
2 390 14350
2 392 19928
2 392 17954
2 390 11828
2 390 15942
2 392 12121
2 390 13384
2 392 13161
2 392 15301
2 390 14246
2 392 13081
2 392 17393
2 392 19587
2 390 12208
2 390 10038
2 390 14713
3 392 0
2 390 17567
2 390 19446
2 390 11739
2 390 10395
2 390 13219
2 390 15304
1 393 19030
2 390 18872
2 390 17152
2 393 11340
2 390 10866
2 393 19726
2 393 11077
2 390 18187
2 390 16590
2 393 15716
2 393 13481
3 390 0
2 393 19162
2 393 10183
1 394 11540
2 393 14588
2 393 16354
2 394 15549
2 394 11495
2 394 13606
1 395 17465
2 395 18112
2 394 17663
2 393 18967
2 394 15233
2 395 16084
2 395 17971
2 394 11573
2 393 14908
2 394 18410
2 394 18483
2 394 16989
2 393 11748
2 393 18551
2 395 19682
2 393 11497
2 394 12553
2 395 13362
2 394 11696
2 394 15074
2 395 10290
2 394 15253
2 393 14454
2 395 18303
1 396 13679
2 393 11638
1 397 12723
3 397 0
3 396 0
2 394 14923
3 395 0
2 394 17923
2 393 16544
2 394 18654
2 394 17569
2 394 10682
2 394 17919
2 394 14364
2 394 10608
2 393 15186
3 393 0
2 394 17909
2 394 16761
1 398 19980
1 399 18930
2 399 19531
2 394 12621
2 398 10796
2 398 18204
2 399 19284
2 394 15996
2 398 18578
2 394 17420
2 399 16328
2 398 18497
2 394 11429
2 398 10953
2 394 10595
3 398 0
2 399 16873
2 394 16492
2 399 14186
2 394 11053
2 394 13718
2 399 17717
2 399 12526
2 399 12282
3 399 0
2 394 16830
2 394 10454
2 394 15884
2 394 16973
2 394 13124
2 394 16321
2 394 13655
2 394 18591
2 394 17370
3 394 0
1 400 11654
2 400 19328
2 400 12058
2 400 17906
2 400 10707
2 400 13849
2 400 14669
2 400 18060
2 400 12159
2 400 12627
2 400 17935
2 400 19907
2 400 13334
2 400 16589
2 400 16950
1 401 17290
2 400 15833
2 401 10525
2 401 16381
2 401 13880
2 401 13332
2 401 15637
1 402 14965
2 402 13983
2 402 13519
2 402 11289
2 401 11343
2 400 15888
2 402 15696
2 400 12706
2 401 19657
1 403 17274
2 401 11963
2 403 16949
2 400 16242
2 401 12288
2 400 17023
2 401 19535
2 401 11277
2 401 12173
2 400 18152
2 400 11107
3 400 0
2 401 10517
2 403 18366
2 403 17385
2 402 19670
2 402 19284
2 403 11204
2 403 19525
2 401 18517
2 402 16649
2 403 17359
2 401 15503
2 402 17555
1 404 11635
2 404 11500
2 404 10173
2 401 18521
2 402 12209
2 403 10909
2 404 15423
1 405 11100
1 406 11933
3 403 0
1 407 15101
2 404 16953
2 402 16715
2 404 14206
2 405 10850
2 401 14714
1 408 17076
2 407 14855
2 406 12734
3 406 0
2 404 10077
2 408 17448
3 405 0
2 404 11899
1 409 10001
1 410 17812
3 409 0
2 401 13991
2 404 17145
3 410 0
3 408 0
2 402 13586
3 401 0
2 407 14777
2 404 11347
2 404 13364
2 402 11184
2 402 15544
2 407 15775
2 402 11423
2 402 11372
2 407 19033
2 407 14884
2 402 11498
2 404 14584
2 402 13871
2 407 10704
2 402 16485
2 402 15266
2 404 16315
2 407 19935
2 402 17593
2 407 17666
3 407 0
2 402 17452
2 402 18101
2 402 10721
2 402 15387
2 404 18021
1 411 10740
2 402 17620
2 411 11542
3 404 0
2 402 18167
2 402 18329
2 411 19131
2 402 16886
2 402 19756
2 402 16601
1 412 15616
2 402 17842
2 402 16459
2 402 12482
2 411 12166
2 411 11150
3 412 0
2 402 13064
3 402 0
2 411 19270
2 411 13459
2 411 19763
2 411 14688
2 411 16832
2 411 14762
2 411 17992
2 411 16609
2 411 17045
2 411 15956
2 411 10780
2 411 18275
2 411 11228
2 411 17348
1 413 14017
2 413 13698
2 411 11322
2 413 10619
2 411 18947
2 413 14347
2 411 12828
2 413 18723
2 411 12330
2 413 12894
2 411 11058
2 411 15446
2 411 14908
2 411 13900
2 413 15547
2 413 16283
2 413 15360
2 413 17482
2 413 16653
2 411 15855
2 411 14885
2 411 10307
2 413 15555
3 413 0
2 411 19248
2 411 18107
2 411 15775
2 411 18905
2 411 14720
2 411 19321
2 411 15512
2 411 10491
2 411 12721
2 411 16803
1 414 13421
3 414 0
2 411 19308
3 411 0
1 415 10455
2 415 15082
2 415 11475
2 415 19447
2 415 10347
2 415 15229
2 415 17762
2 415 16150
2 415 19673
1 416 18674
2 416 15501
2 416 15743
2 415 16845
2 416 14095
2 416 10477
2 416 19890
2 415 16877
2 415 14943
2 416 18921
2 415 16176
2 416 13549
2 415 15732
2 415 17775
2 416 11814
2 416 19605
2 415 16804
2 416 16161
2 416 17193
2 415 13297
2 416 17190
2 415 15004
2 416 14525
2 416 18125
2 415 11005
2 416 12689
2 415 13557
2 415 17657
1 417 13766
2 415 18336
2 416 11741
3 415 0
2 416 18597
2 416 14442
2 417 15624
2 417 12491
2 416 13862
2 417 11493
2 417 15297
2 416 16685
2 416 12518
2 417 19316
2 417 12322
1 418 15556
2 417 14822
1 419 17684
2 417 14228
2 416 18647
2 419 13259
2 416 13744
2 417 18350
2 416 16317
2 419 16115
2 416 17682
1 420 17268
3 419 0
2 418 19988
2 420 16461
3 416 0
1 421 15414
2 420 13179
2 420 14393
2 421 18383
2 421 11666
2 420 11316
2 418 16004
2 421 14172
2 417 18685
2 420 15919
2 417 10324
2 418 13992
2 418 16380
2 418 14722
2 421 14558
2 417 18249
2 420 14398
2 421 14036
2 420 19989
2 420 14279
2 417 19029
2 418 18191
2 421 15903
2 418 17680
2 421 16859
2 420 17346
3 420 0
2 417 19767
2 418 15997
2 417 16251
2 417 16790
1 422 16117
2 422 11220
2 422 17854
2 422 18855
2 421 16352
2 421 19659
3 422 0
2 421 17793
2 417 13767
3 418 0
2 417 16573
2 421 12052
2 421 11817
2 421 19695
2 421 10141
2 417 13925
2 417 10817
2 421 11186
2 421 16746
2 421 14331
2 421 11456
2 417 11736
3 421 0
2 417 10748
2 417 10740
2 417 16343
2 417 18250
2 417 10136
2 417 14047
2 417 11796
2 417 13436
2 417 18617
2 417 16479
2 417 15361
2 417 15831
2 417 12387
2 417 12118
2 417 10760
2 417 15288
2 417 14257
2 417 18985
1 423 15147
2 417 16976
3 417 0
2 423 16880
2 423 19181
2 423 18339
2 423 11074
2 423 12287
2 423 14489
2 423 19627
2 423 11733
2 423 14881
2 423 15675
2 423 11183
2 423 16916
2 423 19280
2 423 12660
2 423 13427
2 423 11155
1 424 13549
2 424 17849
2 424 14984
2 423 10540
2 423 10803
2 424 11423
2 423 11342
2 423 18803
2 423 17980
2 423 14566
2 423 17747
2 423 19835
2 423 12971
2 424 11085
2 423 11902
